class_path: dpat.mil.models.CCMIL
init_args:
  in_features: 1024  # Depends on output of the (pretrained) ResNet
  hidden_features: 256
  num_classes: 2
  dropout: 0.3046137691733707
  lr: 1.9634341572933304e-05
  momentum: 0.6842330265121569
  wd: 0.005762487216478602
  T_max: 2000
  threshold: 0.5550564527511597  # This should be determined from the validation set and reset for testing purposes.
